72 180
75 210
68 160
70 175
73 190
74 200
69 170
71 185
76 220
74 210
67 155
68 160
69 170
71 180
72 185
70 175
75 205
73 195
77 230
74 200
69 165
72 180
73 190
71 175
70 215
78 225
73 190
72 185
70 170
75 205
76 230
69 160
68 150
74 190
72 185
77 240
71 180
70 175
73 200
75 210
68 160
67 155
74 195
72 190
76 220
69 175
70 180
75 205
73 200
71 185
72 175
70 170
75 215
77 225
74 205
76 230
78 240
69 160
68 150
70 180
71 175
72 190
73 195
74 200
75 210
76 220
77 230
78 240
79 250
80 260
81 270
82 280
83 290
84 300
85 310
86 320
87 330
88 340
89 350
90 360
91 370
92 380
93 390
94 400
95 410
